Id,bobcat,chihuahua,collie,dalmatian,german_shepherd,leopard,lion,persian_cat,siamese_cat,tiger,wolf
1,0.020025204089287891,0.012103920111723931,0.019600355453902436,0.034771643597346517,0.024625082315885685,0.782060083459033217,0.081565361646802337,0.007174569227063055,0.008466563796020643,0.005813778897338121,0.003793437405596248
2,0.049216397594402765,0.046229186006133086,0.212694779497503372,0.005703517438672796,0.045503045810791370,0.004070070345764761,0.159714153448676288,0.386262968620096681,0.049715831057104032,0.029750220426315671,0.011139829754539187
3,0.001259378158724781,0.002889958050931416,0.016011085876731838,0.003333017828724008,0.033992946131916585,0.930590996093022427,0.006874725838342174,0.000774544448427078,0.000997816194709554,0.002939703801981287,0.000335827576488773
4,0.182171999787481248,0.037758638485334471,0.067466035658212548,0.007912884343946696,0.101866909589417312,0.043067403245536741,0.297468697498337653,0.049059040428522778,0.079058347786078120,0.115453628286762852,0.018716414890369598
5,0.029209064377753682,0.108456310416659665,0.067789607443041522,0.006969138665754548,0.397769502983350176,0.003544491823226320,0.048460082089851850,0.121560826492103355,0.077115362074733809,0.114363107003314882,0.024762506630210075
6,0.089294278611886838,0.047628936799439858,0.201525727248162367,0.033815678952993762,0.205796560053232630,0.039126921915346821,0.120420817857024465,0.057965773139413874,0.037720891164149062,0.099598468203757895,0.067105946054592164
7,0.036462058951295923,0.035816197591187246,0.114160106778454132,0.013801728833673145,0.565889780698023204,0.019917235978931625,0.035746713156259817,0.067613339804042175,0.036873114808690204,0.051802408140362244,0.021917315259080441
8,0.188397018063213711,0.057086915254908131,0.147525711725090547,0.030156131280383483,0.055663061828991535,0.090423439223342117,0.027594149246501134,0.072046891839005645,0.051260853094395806,0.243194257013698512,0.036651571430469369
9,0.058909593899186062,0.026004204752658574,0.188759521095512361,0.007721984391984864,0.150995954182164854,0.005461992444246774,0.157084640761956607,0.064629962923515819,0.027145901910875642,0.269371746783588384,0.043914496854310023
10,0.059858692098680680,0.017139522933588891,0.036911921963039135,0.019740665856866690,0.094957414104918370,0.672752152098555878,0.023114433853133980,0.027492183640325872,0.018264205803843282,0.022489671455962236,0.007279136191084886
11,0.027502556240282559,0.052776806091140036,0.189808006249904876,0.032231886979740526,0.306608538911970818,0.060773339260044870,0.012656363692698767,0.152583135194585856,0.059617541035627490,0.069676649188711762,0.035765177155292344
12,0.202785031930686643,0.018356108224354607,0.144431537309557934,0.012731151979741723,0.142761573438081685,0.024983547548869757,0.242054017763126766,0.019247861970246572,0.021248046403782125,0.121817274897769140,0.049583848533783191
13,0.125566145151789266,0.009860196931887857,0.074905312729515214,0.019158464714981435,0.177319533159825959,0.070852008474766873,0.484366709408234619,0.013021371182637352,0.006177165036671182,0.012295397215992222,0.006477695993698073
14,0.020853560461447276,0.118760492697302739,0.101815416915485568,0.005616701556958352,0.088110573868392994,0.001596936979434447,0.034667061106759899,0.473749473358555051,0.147675910916533010,0.003125160029949819,0.004028712109180863
15,0.170864061659284333,0.028514371797744263,0.051318058180142533,0.051194613404525247,0.099226209398996762,0.089604325239552696,0.341466366216269968,0.033107408690041334,0.025534770224179052,0.075628750009691104,0.033541065179572678
16,0.020274008890207310,0.150611539588218102,0.146097961118006853,0.012448323660932400,0.395181683383850568,0.003180504106130986,0.016838272192057035,0.078353910532754992,0.165762502746779533,0.001605555475407003,0.009645738305655106
17,0.019385184958228569,0.074810754993433939,0.285565151823580277,0.011409039734313725,0.074950761540274274,0.003812891606223650,0.011203868034691202,0.152851848476881491,0.354280614601001520,0.007127294483886042,0.004602589747485264
18,0.005165434761810619,0.141917559179654013,0.108109376699790094,0.009735244337848045,0.165748450576615053,0.006645923953691469,0.006450089888644812,0.259152775378942879,0.289752522400806567,0.004033286802008275,0.003289336020188120
19,0.075065264533930906,0.007823710084621268,0.043147485528396534,0.006833970943277472,0.027634714532641273,0.019555366985686759,0.046517266973293586,0.048960426425678154,0.074262000459420024,0.632525183280806313,0.017674610252247831
20,0.014522751838357417,0.003737921930886610,0.005573150886489029,0.002168737446473127,0.031541541402498638,0.920906620939556220,0.007328978174733983,0.002892312723678420,0.001874189819212836,0.008626389107758470,0.000827405730355197
21,0.049756712366274436,0.172111961922361639,0.131002461664917136,0.007816224215779783,0.256229546079489112,0.004068341906049667,0.134791349361920859,0.199574828447998565,0.035860827434009000,0.001957972557375134,0.006829774043824735
22,0.117866754219662973,0.111391363784134945,0.212045580953022894,0.018654672368654843,0.166038312802639032,0.002174773233124770,0.058291406071554128,0.233368505733899667,0.040387165726206119,0.022513097664365884,0.017268367442734706
23,0.095791197587476215,0.074747759784874995,0.086679708703689809,0.014951960808556621,0.053352910244381900,0.015458844891441012,0.065232240815465220,0.254402244135959243,0.184382031170122446,0.126092764597960205,0.028908337260072390
24,0.067473581230765481,0.027999913445855937,0.240840174943442675,0.013243512478895056,0.247748683797263197,0.006436941761658882,0.180204775794249011,0.096950904732065316,0.022482999958661137,0.033274254812199741,0.063344257044943897
25,0.150775216209001167,0.025934488313461151,0.239446520295570731,0.024745722735795252,0.131364454400688918,0.010059101750519895,0.244023951608458467,0.084540330743937839,0.063892514886938215,0.015947776148844284,0.009269922906784241
26,0.052870452933736552,0.019201761646291830,0.149561342090871408,0.017923153586278669,0.083507017610908355,0.100024165645228313,0.018203769119983011,0.144351037611045507,0.179539389055300952,0.228194215280852652,0.006623695419502838
27,0.000399757850641317,0.195433890417791467,0.025551267879040957,0.001983046136802777,0.189277396066789783,0.107671272456741463,0.001912862638249034,0.384572191295445120,0.089798329307372693,0.000576429071684101,0.002823556879441557
28,0.311403873981977219,0.021909879227214296,0.067603289399512517,0.011603614020825926,0.118161556106226168,0.050461105138157561,0.182476050396947198,0.120391283448453082,0.023220475004976614,0.061691497149510673,0.031077376126198750
29,0.169056259388985997,0.025341704718469277,0.042875170507556702,0.013848949146870841,0.136419477042019205,0.017227722091076363,0.058907035861031971,0.030882319864072388,0.050975448386941347,0.440768236288226922,0.013697676704748959
30,0.248213976321963181,0.018445671824573757,0.050267662174939387,0.008849364945374180,0.119662632450983242,0.085223497449120347,0.206481297501451694,0.085498752744303713,0.037951387049949867,0.124197726074812179,0.015208031462528407
31,0.141904842131532566,0.023860379521338317,0.106815794327546801,0.004071983117074848,0.078130523709832755,0.006971032909711542,0.535815763185404692,0.040539229119255969,0.024354032136969312,0.022541066466880779,0.014995353374452465
32,0.094792240121470667,0.096552013590928715,0.140968629343228818,0.028393436587606857,0.190629395430164800,0.022125737341331934,0.205702825998675148,0.063587579316808571,0.094976548019049367,0.042520391577264741,0.019751202673470233
33,0.134360549098566789,0.055428093434909509,0.262632528710995405,0.041972267713340915,0.074584148544384693,0.098106706071000721,0.036425751020288367,0.076041399874764951,0.122664634058114203,0.085382779384137228,0.012401142089497249
34,0.237991402977650618,0.021057293242834202,0.065075861782172298,0.009461404238072554,0.118156462165621645,0.043696250715024511,0.213975524924406468,0.019323429233226184,0.023620303746540262,0.231248882677376283,0.016393184297074887
35,0.069969545317489473,0.086085987747321041,0.108544691998917364,0.012349764313456038,0.480745716284907865,0.024438179588054346,0.092918984323391587,0.061691453133526801,0.028897874955549244,0.017670957124305619,0.016686845213080670
36,0.090245179163941772,0.049612307706133611,0.049184533305013177,0.022538505545367134,0.147209436368351876,0.006006774712971614,0.130512882591396540,0.162744327024335611,0.291959379634163740,0.031580816601127736,0.018405857347197147
37,0.395232175729890833,0.014058175722623072,0.029119252036720042,0.015222961626148255,0.132872222498839010,0.096108055652554827,0.183127778441735639,0.017064377337981905,0.030948671316585002,0.063503062435609325,0.022743267201312013
38,0.065135894765663380,0.099412577341037089,0.049012215955476640,0.006369568268074674,0.032550978498408212,0.008817692524606445,0.377019783447698154,0.265083443295451082,0.057888265134281691,0.022665758016430757,0.016043822752871962
39,0.054365665200916860,0.080017784155175256,0.110091788582848502,0.009612713999152186,0.294471514601102602,0.004748163596272454,0.008717808341196603,0.344844269546834392,0.072268596629943352,0.010721117376936980,0.010140577969620736
40,0.104480559436886139,0.087081152277841870,0.203684703369420878,0.005709083385505081,0.203857803993386794,0.033733721923363338,0.085580375819687707,0.184533898102923533,0.040750441306144414,0.019733949781173973,0.030854310603666217
41,0.062294290192448872,0.007782781245204193,0.005618019167365589,0.008908172241829986,0.015424506031984711,0.820868670068647832,0.003561037987623871,0.007933450434952777,0.010041177023182244,0.055600400013936797,0.001967495592823053
42,0.035746251942033784,0.051177944037090133,0.130951595574529150,0.015492200334533383,0.161174113667887142,0.008857277200789620,0.038116305080254528,0.064128851853878982,0.046118032140028090,0.414773091311389952,0.033464336857585354
43,0.145214766032385895,0.022626304561670578,0.157724852348261779,0.096787168127915740,0.100860635415868455,0.063620325184389107,0.243236495121130381,0.016653385785901056,0.015742625173370071,0.117496241001883356,0.020037201247223621
44,0.115709197433688529,0.040579210404271163,0.127847964479996856,0.033877696452155867,0.128924459158878180,0.059883891261441495,0.230383015828580978,0.084392216459026739,0.069544296482766402,0.066575107098374095,0.042282944940819724
45,0.147055705291530669,0.007288592789995815,0.030926194775034849,0.026077546988863668,0.029952392319007620,0.558861542935846556,0.117021198142333027,0.014610435842916188,0.036426089322543265,0.018831337084944836,0.012948964506983360
46,0.250994737590149730,0.025822259143123794,0.166574489283425636,0.041503821876091827,0.117388489450624620,0.029146226186935208,0.247456674708106089,0.036445333111981254,0.018813569658447962,0.036835174795666684,0.029019224195447394
47,0.220320662185199495,0.023112338141544946,0.120524313451603443,0.012263937214173248,0.183824037703904264,0.113262292653011340,0.144175518403191649,0.086027842796394027,0.045677547594772751,0.029809322085833784,0.021002187770371061
48,0.097247543858227342,0.004358217931165312,0.029491388134641024,0.012248846973775009,0.020383761471660381,0.026609245757315058,0.115949330430332009,0.077024700945185182,0.040119088159121775,0.569883962455228876,0.006683913883348081
49,0.104822824996421551,0.005632514765611150,0.009775510308985040,0.007042640261631055,0.008846068860643330,0.049458277670680804,0.028622491600538796,0.021413538737354014,0.013250737274428864,0.739731769456457466,0.011403626067247789
50,0.026208690520576502,0.037484259630409349,0.077146692025942279,0.077390943168436102,0.316417837619565157,0.004646267424235588,0.035872736003676478,0.194635200246437767,0.051054104509297822,0.146853138974876896,0.032290129876545955
51,0.050037726466243097,0.070848750261434570,0.161100237326569917,0.012707332352803441,0.047565473759527958,0.012782816086902637,0.193224746452964419,0.400640868282330309,0.029048793799759259,0.010627225034187084,0.011416030177277608
52,0.099232978751981726,0.050192419254548849,0.115697611403182798,0.264897664587143145,0.136003562423590713,0.099847439177233377,0.040909899101622578,0.026929726070333945,0.015475667510966308,0.124301941021615570,0.026511090697780872
53,0.020047485202640700,0.153707237759245025,0.189012505486040455,0.018739494969632408,0.101358637587316031,0.007775265852078470,0.037922484638224944,0.115553651616321917,0.329071446846853632,0.002531836506608562,0.024279953535037955
54,0.073383769980865349,0.114386848780365022,0.125651649419832562,0.072179351247321472,0.122831551310557743,0.064341784627073351,0.108470023756776349,0.111748548104871517,0.088550429676764603,0.048453977731994342,0.070002065363577740
55,0.014219772904962975,0.137888631580740467,0.194824244607123193,0.013658077737250019,0.190948136699341076,0.016344003437865878,0.027545418608351132,0.035056591744182686,0.315586000429937064,0.005556681234726613,0.048372441015518929
56,0.153784735201117129,0.013600064499431554,0.022513705509032624,0.013175910715681855,0.039241927379349749,0.060936202276757050,0.096739712395939051,0.022727981986307648,0.045692459599747208,0.511599963989906148,0.019987336446729956
57,0.006285414938406613,0.003391326109835343,0.011298411243924614,0.006524949403762124,0.016104834655683683,0.895993861215648169,0.007924145964871367,0.002842863911554349,0.001449102666806425,0.047493544475516153,0.000691545413991206
58,0.183228429028975515,0.032947912054187373,0.139691476230417805,0.023870989647647240,0.097464962551649395,0.030418452102675297,0.346889891832236508,0.055421199461157811,0.036909458710581530,0.033030210342868849,0.020127018037602792
59,0.187150977055665996,0.007208549914397766,0.134812003521074308,0.005703450666576215,0.206060847953896786,0.003941940645148887,0.140165463338042751,0.005407793110661562,0.007568535387427204,0.277328283577526424,0.024652154829582131
60,0.083019325212764450,0.298748282864976344,0.234600120435047937,0.156721789674689083,0.070436083565990376,0.014077002250447017,0.024931724173746062,0.053403442845346226,0.036231817562738085,0.006309018073540473,0.021521393340713863
61,0.106366740335237825,0.010340122296590995,0.099888948419510779,0.006161546886748725,0.055599938231452532,0.020330661778526066,0.379304594151602448,0.020432339841323029,0.011822739009311594,0.280686741771754900,0.009065627277940998
62,0.160134575583964156,0.014052446720182679,0.050752832722888705,0.020139975584590453,0.189270438624172893,0.038639564906926174,0.454957947423949016,0.015065161269648273,0.012570144632029667,0.030700301804976141,0.013716610726671959
63,0.029761674563452186,0.045966457140787273,0.174411578790816257,0.019634543566802640,0.502732272254837964,0.013752774069343502,0.056441026969570582,0.024741432218142387,0.114282625186477360,0.010627093835028145,0.007648521404741547
64,0.123404226905095685,0.006176041618374433,0.028179187638096573,0.009116156553697411,0.094518051356856911,0.486625197453396552,0.200484798706717565,0.014941351727866965,0.010388645307026311,0.021408708034306102,0.004757634698565468
65,0.241584426404218483,0.023365326224890064,0.142148393375796489,0.011861507725019631,0.151970622974963471,0.013711757517683592,0.149190848953028088,0.027383451202028623,0.014425119218301113,0.198504278352455488,0.025854268051614924
66,0.082084895402251792,0.066692398372528702,0.180192624835193493,0.013774163828894454,0.103345787330828554,0.007192019186904894,0.207072450846460004,0.200188254666931492,0.022809370335372524,0.102451138572799097,0.014196896621835094
67,0.094803955756128391,0.035574770533553395,0.076852139859524465,0.010607077596382417,0.056132380508914531,0.006634074146959080,0.318030128895757658,0.138328996016688771,0.051028153270923041,0.201645275361875181,0.010363048053293024
68,0.311584823554704182,0.058628350610956580,0.087712915135063060,0.019931424797708625,0.066943720299084963,0.037097078773096995,0.235852223628345570,0.132183852809937469,0.015936851306059856,0.014312604960316645,0.019816154124726152
69,0.228229611169259772,0.012890041887934384,0.051581356938322720,0.038886840500564047,0.079088116745595557,0.093567191329304092,0.348298469825409629,0.016579886879148787,0.016852762578155472,0.078260563948257242,0.035765158198048222
70,0.020622465272613997,0.179673302590803108,0.318215130051468731,0.017511786730238871,0.050878128474926891,0.002174109979656598,0.007599003198775414,0.191918858243270457,0.204191483453783268,0.001743370755172348,0.005472361249290420
71,0.039120113971328155,0.010394655583704717,0.105872878087222899,0.007482452999776491,0.018125643124047328,0.007186833451386729,0.051278954935523063,0.053740451926004559,0.049564721765843894,0.650319219822462657,0.006914074332699477
72,0.117761666170673324,0.012526483185949108,0.101788758475302971,0.002056566236222016,0.160110924548223371,0.004284467605925047,0.063608164047667073,0.048999482396194789,0.021057980043907892,0.456815234277301696,0.010990273012632761
73,0.037910281618825876,0.053087495457170564,0.159410728479330577,0.026428574969380975,0.208094512945689758,0.022992960894974303,0.277367769596300440,0.067587510670380394,0.029979902922676931,0.085319351885444136,0.031820910559826034
74,0.050490203934445345,0.008875549254309894,0.044884708943652540,0.004556267067862390,0.043662576955170819,0.020556017779161242,0.234768251594636684,0.021761669642861754,0.007431421965772502,0.555679171012472439,0.007334161849654295
75,0.003873048329742615,0.143728608128063068,0.152099129627819574,0.016287439378103619,0.173695270256045198,0.003071403032403794,0.019680973337851449,0.189584004478533852,0.287107801753523573,0.000733487902805021,0.010138833775108267
76,0.336339025645497891,0.007448550836942588,0.071076250248307951,0.009166441906685701,0.124590857440546765,0.017880446285964191,0.179466105847777113,0.011179980763896273,0.009776205833773232,0.191379838044496542,0.041696297146111602
77,0.015046418351292307,0.063861883227981225,0.039345645815693511,0.024449620606965154,0.437194953866880620,0.003424998720178633,0.014742380750781939,0.285984860795346574,0.091326566381201929,0.010951048381152446,0.013671623102525827
78,0.027681218127177075,0.167917275057991533,0.126357057410514478,0.041439315280087513,0.303343898017767177,0.007232218966406250,0.161254889049105565,0.071955680674385292,0.049522723226159970,0.011990273682410851,0.031305450507994631
79,0.086957772020303234,0.017382302050330940,0.164868156770858559,0.050412411901239754,0.132439669835793111,0.234830171347716443,0.213682161791551722,0.022494453233325554,0.035949126510721921,0.022972592063418222,0.018011182474740515
80,0.015118748463371620,0.005849025571773572,0.030717970579240046,0.005061448517190783,0.005396152010900545,0.010842063006548377,0.004161794944984086,0.031935240837826444,0.014181344730354591,0.874569426578496234,0.002166784759313769
81,0.133079857793937689,0.021360795402452368,0.050441188079971805,0.053959101692181786,0.111782327910781534,0.072232774431858951,0.260318277133924580,0.030628962213081024,0.020488877910436402,0.233935745362237907,0.011772092069135969
82,0.097373470160236494,0.135331813371633330,0.196786408923924461,0.026696924510279562,0.127939648034709585,0.016564223652224264,0.148017641579371723,0.134439451307804436,0.032331028291467750,0.038377319566657131,0.046142070601691315
83,0.077359115743206031,0.043927133706910829,0.080922653895295682,0.003891860902163098,0.232550930224482033,0.004122207426884235,0.282132623136851279,0.212239724614293662,0.049994601743252910,0.003961744080698097,0.008897404525962209
84,0.264942355497352178,0.020552845670451684,0.058924534245745487,0.098053993615616189,0.074763809834363981,0.015313175200683643,0.271825400570436415,0.008319290940596510,0.003949364353967894,0.165928229571356500,0.017427000499429517
85,0.045478447479290307,0.095916873162318630,0.211247924830546441,0.018308832449160626,0.102880570755791129,0.007838681479337499,0.122815352875651665,0.167131610133173097,0.180756812146182194,0.032148878652443681,0.015476016036104729
86,0.034789600293768035,0.006294472235511795,0.013351377855133410,0.009441350338741942,0.013213695827064182,0.876520527504755065,0.010692024436888129,0.005418637512392699,0.025437664274186339,0.004051324413267641,0.000789325308290627
87,0.027061665338864702,0.017483130596929703,0.041574898502655375,0.011191726096748775,0.034252189502079353,0.025644197418514869,0.077151041071849835,0.024184611369597861,0.018197739717291675,0.709545605954390646,0.013713194431077127
88,0.032394814121467913,0.058527665960952081,0.199218797476870102,0.008008341425509439,0.328599928454447132,0.012930880320173914,0.234850606197161249,0.044043840848881681,0.066110195467205757,0.003891329160516801,0.011423600566813857
89,0.375022265784546838,0.008888588320944763,0.050030955861362254,0.018653097598132960,0.076552248624820754,0.163756822890955195,0.194850868127090820,0.028615925455200954,0.023726909275934974,0.046866459764185291,0.013035858296825152
90,0.029509921114913105,0.032346589010745809,0.015195305946765506,0.007382867164914226,0.059858788622032442,0.807584270269670390,0.024781959346541923,0.010064208519351763,0.006299999397252871,0.003688546138985122,0.003287544468826737
91,0.165110584756045342,0.017419235998557474,0.079923229471431115,0.010206257301162229,0.010683925491029592,0.088814380054559397,0.254722927362764362,0.120063204282032834,0.051476619220638190,0.189561340029096970,0.012018296032682528
92,0.053082686071683746,0.063477172152229547,0.174279538785659022,0.003811886225473318,0.092296942935780529,0.004330752038526757,0.070505389441753621,0.368375211774141342,0.133236797957139386,0.026572421799203296,0.010031200818409365
93,0.116658943840443882,0.021922307941523701,0.192149153204839496,0.019446713952131611,0.273068645401844778,0.008816778919427226,0.218033174640020672,0.009654590052956746,0.019190094548899091,0.074589725713960164,0.046469871783952732
94,0.046330894291236775,0.140798555838697076,0.109312158306229548,0.011433955499523234,0.164305351757619705,0.159413091051188588,0.045491180806437201,0.189660219816628117,0.099453724056646056,0.019992170726624289,0.013808697849169532
95,0.111236772141275905,0.073909340599602913,0.079858109825267087,0.048028443608189017,0.144098494786527948,0.032497744792408113,0.315191511673515390,0.089239291724232325,0.041383965951232872,0.017222388631573611,0.047333936266174902
96,0.076465593490669587,0.010964027322837978,0.094980470194603650,0.025082239323840131,0.054029738048275877,0.011063514595532207,0.487356367059533724,0.073825945911124971,0.011950220533486162,0.141775288025229596,0.012506595494866136
97,0.117766462082394330,0.111773182017480877,0.091196097466749268,0.025288222937683701,0.119085999581176480,0.144273992436241338,0.141121575409916877,0.125895268685640715,0.071813446590994159,0.023220116600671342,0.028565636191050976
98,0.079047684745461394,0.027498916513719225,0.119758176404673511,0.043004499348114997,0.130547293318043156,0.015929814917849137,0.440248492446283002,0.035757502257307477,0.029535628240662876,0.048208569553249397,0.030463422254635743
99,0.048807690085570864,0.064642812794951515,0.212527084088209028,0.039177806900567783,0.243367602553243995,0.052503502661884555,0.067089781500334664,0.084687259873036588,0.051789919489132079,0.070879266721698184,0.064527273331370594
100,0.112684257011762573,0.027958930828362469,0.074278654798333579,0.041679311166986859,0.065700425417983044,0.073491661391303822,0.030959790720951771,0.237107213102325354,0.197476948318436818,0.127717061027604606,0.010945746215949017
101,0.197898112628078632,0.008840862908868492,0.075368065412180496,0.020878271901337026,0.119245930134063316,0.031324246247536665,0.429212168648417325,0.012953028663196583,0.006413421347426361,0.082715298463642839,0.015150593645252220
102,0.009782208039500979,0.249853311184140031,0.145589080676399057,0.016787453104787017,0.053634145031843002,0.007979974887453974,0.001312465872818902,0.458258500402818514,0.051192797823212018,0.001646991892196502,0.003963071084830246
103,0.147307211897984958,0.016611009104796671,0.066200029617558220,0.022385978531534300,0.055911208115575949,0.467666696985238717,0.156646718668793705,0.023962683714898153,0.013533793176894663,0.017536318361547090,0.012238351825177593
104,0.007537074241210772,0.030405148777424670,0.085495399931882959,0.010641073301518674,0.120841724466140638,0.638459616930313389,0.028238341719535088,0.029923904309231211,0.026076481118630191,0.013282799301107838,0.009098435903004617
105,0.164395977664914400,0.018431352544986082,0.205989103264300505,0.012987164769922935,0.124747689188329458,0.009624023286533029,0.396464992606033184,0.020940501859637806,0.009727600758802439,0.018744328440749410,0.017947265615790731
106,0.103639164934768879,0.051093098137888607,0.216675087537008815,0.070501984435171250,0.109836292348501618,0.017837791651982855,0.148137560415460334,0.062542701550130197,0.026147926355915955,0.166361985940494700,0.027226406692676605
107,0.112855307294327814,0.007844278511566893,0.075844782285685960,0.014104831126514245,0.146323613952800941,0.014817642263828817,0.516575077197102051,0.023149897696419335,0.003390555156710268,0.065608085551216500,0.019485928963827233
108,0.036469645318080487,0.003130891596208626,0.012978492675707089,0.008584542546433224,0.008631273509778759,0.892362666011378147,0.003172962858072849,0.002081495805975775,0.007143723681180612,0.024431899165447090,0.001012406831737386
109,0.134233856551958131,0.006218429096938812,0.041113379681526292,0.010228304854377358,0.022142755028376138,0.703652145068755064,0.035086559994083541,0.005494702702277676,0.007104433615537659,0.032346415155725360,0.002379018250443868
110,0.170160387776905814,0.037153459536542303,0.169866527642625581,0.051534942885803584,0.064386756239673576,0.016872827835217770,0.118975681899544855,0.127395410620657512,0.080990641097756944,0.138805938177252591,0.023857426288019404
111,0.013852624381644611,0.087393976255754832,0.220603899344764737,0.010387763911340608,0.392089843507017199,0.003715118865460785,0.010568475116953122,0.186397704482000742,0.047189095225504470,0.011227826651577922,0.016573672257980732
112,0.033444043981815851,0.161627957315373216,0.120793943534341752,0.019095543632804697,0.228160133164242218,0.018084115310634641,0.061320068212209221,0.134060037582356573,0.192975085179967948,0.005625113831354988,0.024813958254898804
113,0.057515672861298453,0.144657020649736845,0.142676464580745760,0.013915340060958376,0.081220577605649519,0.008782771355222277,0.260686291614808885,0.137469871540308791,0.130466162255567203,0.007277119074938388,0.015332708400765527
114,0.067401251366126458,0.028833723643835230,0.242164177146397319,0.014756718901965140,0.279973119765200840,0.010748086057582791,0.091164382192464782,0.120579661794674053,0.028600539221134855,0.046802215505924914,0.068976124404693709
115,0.137435780453420642,0.035855840697657571,0.064227318568732233,0.063205469633507580,0.124104523738073666,0.032239877149620691,0.144670038274332835,0.036139342831689195,0.071822972995627746,0.276119663240964097,0.014179172416373747
116,0.024115094988633491,0.077453123162339099,0.115593880819537434,0.004259159046927028,0.086403747978942930,0.004107939561751381,0.140931748003419233,0.455330213193507916,0.085379613000546487,0.001518921483448534,0.004906558760946480
117,0.005079649936093052,0.002492174450921909,0.016711674523590989,0.011639495800197651,0.009705101963441704,0.931951858255139487,0.008762313540417189,0.002650584650632288,0.004569942244172921,0.005838257183556621,0.000598947451836243
118,0.158926427190096059,0.005447193975369805,0.059363301648430324,0.012668430122610786,0.082907043213523018,0.138380822104743340,0.503217134680787104,0.009406613852720409,0.003938158575092559,0.014826175704760334,0.010918698931866323
119,0.042417770010629838,0.008126567060521235,0.057173386962252500,0.007336218044063239,0.101425608834192910,0.041929624057414600,0.052757003866213098,0.017462328728401994,0.010240305628522012,0.644533414414188544,0.016597772393599955
120,0.116770145646291068,0.011118002544068795,0.191561460991415605,0.012591569057682899,0.168680260554942757,0.039718689288827880,0.353732241926062729,0.036159496101811232,0.007102874284684508,0.033984741023343271,0.028580518580869196
121,0.140786088097015843,0.018480669178859033,0.158029896284570565,0.013003680759050907,0.364564964875351172,0.023755532629695691,0.177409291688740811,0.020995990016829322,0.011317922930376706,0.041108529366025458,0.030547434173484517
122,0.020751976518281295,0.013390619752340549,0.097566999056288309,0.007017209822720034,0.283104574507618112,0.477870802490963920,0.012143045933034410,0.024226703578977805,0.027273925413294969,0.030437298100011802,0.006216844826468713
123,0.059380756870056846,0.061266986704518467,0.112218031655134581,0.029868404561859338,0.108154938755833444,0.002610941097631487,0.058537006444300037,0.465448367885672121,0.089660768025362353,0.007018467785758980,0.005835330213872397
124,0.053053092773510856,0.118681499087532685,0.168726744269591444,0.073310987153366008,0.235785159267707684,0.015786006591349908,0.073327597090558416,0.143088119562129246,0.067425403144719911,0.018777405145536431,0.032037985913997549
125,0.007879265465946268,0.120334459954029971,0.176868992538452396,0.007307980894382685,0.294200783400754118,0.005279978651447905,0.017729400215679605,0.114195141186676313,0.233498031178708459,0.013675447704280747,0.009030518809641543
126,0.063999277294971499,0.007858631676148907,0.049558815834951600,0.014199721439641244,0.015278263126070368,0.072177257945061329,0.099858624817381836,0.011976113950645850,0.007247234477419794,0.647820251769822719,0.010025807667884915
127,0.057947253901530237,0.005306579544864377,0.044725414506115141,0.010132359615179429,0.024845925794242815,0.023231028379663555,0.096243826231714916,0.084886595468501080,0.047057029634968980,0.599223178296918513,0.006400808626301072
128,0.077225209295873246,0.007665811205754331,0.056640599495939560,0.014536607111672614,0.032003059936342018,0.044667891217798232,0.029012528040738662,0.110209682895086661,0.052655314144296000,0.567631486345388292,0.007751810311110379
129,0.102932928550439146,0.017325785437653632,0.122766611315737267,0.015954507367931681,0.027575007353189816,0.033270693393149975,0.037248043042542041,0.030695361716270270,0.038626645469987356,0.552986399374964521,0.020618016978134215
130,0.020601975194000723,0.024241238599896339,0.085917569272988270,0.018580502795941031,0.059735540981318599,0.005004207936982284,0.012553751888923985,0.185112008721262405,0.109711423551057924,0.471700726163538531,0.006841054894089867
131,0.025825049620894412,0.122270565708783141,0.321135932881831065,0.025942310952935654,0.300208289618289215,0.002042167569646700,0.007992945244365916,0.016392551205795847,0.163987810354764729,0.007379951991290623,0.006822424851402813
132,0.018972144655138658,0.047956359086506015,0.135275991401713008,0.007190383150689953,0.063474655679209083,0.007587349801206171,0.009337554481307358,0.334062704114286513,0.308967318386976275,0.057155599796335874,0.010019939446630950
133,0.058433773689322795,0.043493767164369861,0.205713387352885441,0.030957983809580536,0.110792387937724821,0.015448178080350337,0.042031593923450287,0.019531073085988664,0.083796298233681815,0.368004601781580343,0.021796954941065025
134,0.137845610563078425,0.020783933173563127,0.035570838248867170,0.028266101756369469,0.028153458031095018,0.429442453217665276,0.048202280715532807,0.030929440252695024,0.022747686401851125,0.204351889728545788,0.013706307910736813
135,0.049155773320114657,0.012240748163578228,0.101235257412299107,0.006369862265656948,0.066829356932355380,0.434516124704579287,0.237239083935859935,0.022973058617556056,0.021432204334258857,0.046455314006335749,0.001553216307405421
136,0.353711772735787855,0.049148462432920662,0.129367494058665350,0.018173020319325127,0.091818863970042644,0.094537099419022733,0.110531643816109221,0.038910585564677219,0.056116513827376521,0.035857350745483796,0.021827193110588942
137,0.005465812212402787,0.298592773261757927,0.047814109139421232,0.002738126503399599,0.140589296751316428,0.170443203164691609,0.002438321815409086,0.231585274543401165,0.094888685848352861,0.001491357688574539,0.003953039071272615
138,0.053058395720925355,0.075816277863195294,0.130123001957822754,0.031628247139442796,0.347849731252445393,0.012746632667471754,0.081167233459501623,0.102848308164507768,0.086568234238602035,0.041153975621933618,0.037039961914151757
139,0.018187183581278844,0.004584349124622179,0.038975495529245695,0.007704622819455556,0.040965829541317694,0.756724837778307569,0.033521526305073102,0.002853817809702035,0.004601871929778928,0.089983447884718695,0.001897017696499664
140,0.069588865804751543,0.123461410791719572,0.131638485034656777,0.057617752312623165,0.299338120330845281,0.051605110141917723,0.092317741347582624,0.038650168045064937,0.064249000566381331,0.035817630507883488,0.035715715116573572
141,0.165146758493220636,0.050532853516923319,0.150608899450397959,0.024466568367660389,0.203330699398453996,0.044096676229348215,0.152974761847771673,0.039140772569230979,0.030845020397216903,0.072757031316446855,0.066099958413329232
142,0.154196420642983556,0.017189710538618702,0.076753337853765188,0.019371400304764370,0.184917625329087648,0.194287817845805844,0.218110378783423986,0.060043030793088939,0.018005411785997499,0.041742958122217198,0.015381908000247206
143,0.133888708399048290,0.013531206433174585,0.265262905111219638,0.012756712742441194,0.216015426984590253,0.022993574134397617,0.208121866042841497,0.020723959703103079,0.010635999667908336,0.076891941157907137,0.019177699623368412
144,0.012098919156324921,0.061295550062134038,0.303406524081363094,0.007345817241442118,0.260816540001420794,0.004114865427546632,0.006346460152428421,0.253984138388895553,0.079773475795804571,0.002843543866027060,0.007974165826612829
145,0.041480314917812205,0.018103514020815469,0.051057879955209086,0.030700381648972295,0.064357638002643214,0.026659085856506587,0.144713800901721173,0.057890927081129327,0.029591702156564571,0.522260456339545986,0.013184299119080114
146,0.044390003805662451,0.017204651687251535,0.117461593420587401,0.003008733191404249,0.078007933045670844,0.015072096015658605,0.016807931156453466,0.036954687226793299,0.026859172652436931,0.636925290175788694,0.007307907622292460
147,0.283285332951978386,0.047508080139401894,0.119663609988948968,0.013856976959670511,0.089353904166862064,0.062541832245484097,0.017593019776441576,0.104422195403567161,0.020244441506895309,0.219642709071832837,0.021887897788917129
148,0.017638937703981696,0.073176079386137169,0.177329962233467558,0.014002711550694720,0.222463947782870958,0.026890706621702364,0.047710535825124516,0.367530501961874978,0.037190897073649268,0.001993028985557365,0.014072690874939339
149,0.057350992703956175,0.039017561590856162,0.135652262644165744,0.059890537552701184,0.195194526644950406,0.027453871694416109,0.370754850598601304,0.020990948435442820,0.012269689791306361,0.073533771512718060,0.007890986830885764
150,0.038548815568772293,0.106602270081729664,0.200924133119278175,0.014593322117671777,0.156648778965239099,0.020920476938404552,0.017143462843285686,0.152993986425392747,0.138608684510361985,0.129121893059701398,0.023894176370162647
151,0.183495704014820821,0.054055850054122244,0.228407418946384805,0.040136066878831866,0.100707545882935831,0.011299242362965426,0.023207342049683766,0.067570903200611362,0.089439870677287869,0.190838728840738631,0.010841327091617526
152,0.034637037634070056,0.038614039883920911,0.177849808310453883,0.029116715986798342,0.248743039348558181,0.049021246790426916,0.024990372455107768,0.114705802246230573,0.068004993846271913,0.153165042133673435,0.061151901364488004
153,0.108325777279657379,0.009540478430563470,0.033631934770412708,0.031262322741591263,0.122525939680817902,0.425619736439998508,0.053474755068203685,0.027935943291381795,0.008285884040737743,0.167862500099016626,0.011534728157618876
154,0.103858573047423505,0.062307791996397868,0.108469748194678445,0.142734400667220152,0.133051304350703892,0.187525071219614925,0.113317611599437776,0.026712197972901509,0.043139979827608269,0.052148349669159121,0.026734971454854553
155,0.101488133458009014,0.066071470218008230,0.094568477255678296,0.046234097606706021,0.091150803959845011,0.119899829198967148,0.155919504332969527,0.030124447751505606,0.094597268194083248,0.161452084154591002,0.038493883869636772
156,0.175533112735876712,0.066639664703877749,0.082173766839429813,0.024001980850132748,0.355615288325838108,0.018987780942960154,0.130787436655086686,0.049645489421589799,0.061847704325953573,0.012436608522377202,0.022331166676877491
157,0.136543042785533530,0.044621002171937103,0.180977594335050618,0.016290860745067793,0.118626680241154941,0.039407997012925522,0.289070256067410603,0.031609528993104159,0.016931154727401553,0.106760103271678855,0.019161779648735465
158,0.215261146130926145,0.041905102814084105,0.066283661186651258,0.045020929103502277,0.072485625192184766,0.218929372566490199,0.200366539637852281,0.045942035370681519,0.042978934603556389,0.033536987239769750,0.017289666154301570
159,0.032018110829630513,0.121639276662334442,0.109200178434563130,0.043703675264468785,0.188287275462835191,0.036029563726974322,0.232079257226748548,0.125744803801237981,0.094982197336240387,0.002766756884713262,0.013548904370253504
160,0.005871680501745882,0.152883104503201001,0.281857249250381470,0.008080366091702795,0.013165975853914755,0.005625326699903475,0.011533475472655642,0.498064684802839719,0.019832093931421442,0.000673931432072651,0.002412111460161123
161,0.011599200750922224,0.057400856574032315,0.309115121431773443,0.004516303626688891,0.382614366763460279,0.005135557100506833,0.048202552943658453,0.120910341647706629,0.053591730066325866,0.000324495794919205,0.006589473300005792
162,0.035649194675719170,0.101962216457756660,0.136939859715357465,0.017608315506815995,0.092829239193703714,0.008245756550435485,0.346399493094625477,0.149268916227343146,0.083827592926641534,0.013438302272938940,0.013831113378662500
163,0.034430363149121596,0.058625073733452264,0.131247987355242235,0.023292752113168915,0.364683833968567184,0.008131731517468517,0.046870578454408965,0.166247237224732475,0.093306558008843701,0.041393724358646591,0.031770160116347583
164,0.106405644111124562,0.010665552019968235,0.023322089644597113,0.026473366683672440,0.030200330874732909,0.073166206547483570,0.040407891878402970,0.090464467178502053,0.078472725247525341,0.512021876923945407,0.008399848890045582
165,0.012567938204293000,0.051115772915067907,0.254876344301140201,0.005937293022349154,0.181861009023422088,0.001510415554326351,0.009060620778986552,0.428016575239592745,0.047447315039804691,0.001999413899553969,0.005607302021463416
166,0.084984857210642320,0.116029883938931239,0.264554275915840964,0.023118513587260386,0.140280772479187327,0.012203654642307158,0.096537263324848521,0.148579089219625066,0.037595402438325896,0.047551234204036376,0.028565053038994936
167,0.173630976386177471,0.041484465655974918,0.103716111706845859,0.031611117180115639,0.248989415695440752,0.018291335299967054,0.279180875160285724,0.042497592031106000,0.026512788448613024,0.008573713520342051,0.025511608915131458
168,0.018420625915592674,0.101157082534400117,0.314569714507326903,0.005922729510482188,0.091867321599033713,0.001714481551473860,0.037851754791624045,0.185210795286382041,0.236451622036404546,0.000575301374716584,0.006258570892563292
